-69 -133 668
-81 -26 74
212 214 35
31 77 2481
245 192 241
141 -146 195
42 132 121
-32 145 22
21 -212 93
-83 49 101
-47 61 66
-77 -86 71
3 118 27
-88 7 1
-27 -9 1265
28 66 1518
92 38 54
192 14 132
55 140 865
100 -244 55
-202 -121 131
204 6 92
126 181 65
189 -124 66
-212 -132 104
-209 83 55
-92 -46 246
56 -77 1194
-5 174 2037
79 27 28
-238 236 1646
-114 105 238
-176 -219 1027
-100 191 86
180 -143 9
87 207 114
133 195 195
8 -29 1795
172 196 1254
163 -82 451
12 -95 120
-126 -213 77
-155 -209 1802
41 86 2188
-154 -229 117
-82 234 164
-197 249 71
150 38 156
-22 143 232
57 171 215
63 -236 215
185 201 30
-231 -194 140
-26 -242 42
239 -48 159
-157 93 26
64 -247 1225
208 -132 29
48 31 2295
48 -241 107
-128 -212 114
-71 -60 232
-59 65 144
-239 -48 131
-195 78 132
136 125 171
-108 94 709
248 72 1826
-51 -193 173
139 -175 357
-240 -247 935
-62 151 239
173 -248 29
35 -162 71
7 82 46
-96 -29 109
79 118 184
-195 184 775
-238 -105 153
3 -111 121
246 -63 126
187 116 147
-55 47 20
-145 238 64
-16 -136 85
-79 36 113
105 -65 2
58 82 47
6 71 228
232 231 207
-28 -121 108
200 -77 23
-91 42 72
-226 -96 225
-101 -64 165
-228 -82 201
155 208 119
-125 227 220
74 84 43
-91 83 153
47 -232 158
20 13 1335
-58 235 1552
-37 -123 240
-223 -125 77
-227 222 1531
-247 182 125
-25 -219 174
-28 36 1533
150 -63 168
224 20 208
83 -39 38
-83 35 1276
-56 -55 81
-125 -174 84
52 121 123
-157 101 24
214 -131 1577
-163 -190 964
7 -80 15
-23 -207 138
-141 132 104
237 -173 223
-123 -121 96
-230 152 248
-154 -13 163
-225 14 163
-134 -220 164
21 161 27
-230 40 246
13 190 42
79 150 135
-172 115 150
10 107 116
-142 -137 2444
100 210 121
134 155 771
-46 85 117
100 73 224
-34 -124 217
107 87 163
111 146 151
-138 -33 184
-209 173 206
-185 -191 196
105 -197 98
-16 -96 98
119 -218 148
233 161 81
98 -75 147
-108 4 756
-75 209 1413
120 -124 96
33 100 120
-49 -57 136
-216 -194 99
-45 212 275
50 163 82
105 -108 732
127 174 134
193 46 1337
63 125 3
-140 -233 246
-55 -81 1916
238 -65 204
-161 240 7
64 -99 87
8 85 188
-145 14 109
79 25 30
247 -201 2279
-123 217 227
-10 63 2088
-173 -35 184
242 74 30
9 -80 71
-166 -175 189
220 37 192
-247 -29 133
113 -240 108
-10 -86 27
163 -159 85
-18 0 103
225 -211 15
-152 -3 179
221 114 145
-205 -38 127
235 39 47
-210 -5 25
120 -149 166
222 -98 44
13 151 105
-223 -150 98
-185 -222 77
-162 193 131
213 -201 234
92 -142 1031
8 204 44
-60 199 1422
-130 -2 103
11 27 1114
-65 -212 242
-26 -2 2462
109 7 238
205 68 1364
-225 105 50
246 -166 225
92 -175 145
-54 198 3
-144 -77 221
-45 -124 240
-157 -185 51
-109 64 49
-98 186 42
105 -235 566
91 -125 100
-64 -60 82
-116 143 17
202 -242 113
204 53 81
6 -102 56
-37 -141 2015
-170 68 930
-95 111 13
-74 -107 95
-189 239 247
-97 -76 111
173 81 218
9 -242 1310
-247 195 239
142 -65 15
-161 -28 47
160 211 61
211 209 74
19 187 193
-50 221 63
-35 -195 1408
-211 -38 214
204 -165 35
24 130 2408
-209 -135 840
148 -177 39
-118 206 184
-242 191 39
113 -222 9
-50 -179 94
-179 83 143
45 -82 41
-121 -100 130
-57 -64 4
-1 -83 76
114 171 170
66 -234 136
-163 -69 2483
-64 -229 832
-186 59 20
123 -126 197
12 173 126
18 68 30
57 231 50
-120 -136 90
-194 40 64
-98 -196 17
-2 241 1857
-136 189 148
-46 245 52
229 -12 71
116 -91 125
-54 212 81
-228 -104 169
175 -103 223
57 -152 141
-150 28 40
198 132 27
-175 12 228
147 168 244
101 66 211
175 -92 115
190 -190 7
-95 -75 397
4 148 157
196 -62 228
-87 -175 2258
225 -135 26
-180 155 223
212 -89 26
219 80 962
83 175 45
86 87 64
-114 -36 1583
199 -115 125
-246 87 131
220 -142 285
-165 -98 168
-56 126 191
-178 -1 232
69 193 1306
39 169 28
-165 -34 72
-141 -186 208
-176 -241 15
-177 -161 158
218 108 51
176 -240 21
29 160 177
141 245 38
114 152 1628
224 222 91
-203 -173 239
-55 -156 147
4 231 50
189 178 45
217 158 220
-27 9 718
-46 236 216
195 56 1584
117 -58 89
-194 224 1724
33 -28 2166
126 -167 97
232 -232 2389
-139 -68 1929
175 74 74
219 -107 126
-82 -182 99
33 78 136
121 -53 130
-223 158 27
-65 -12 211
63 -249 192
-139 -100 157
204 119 34
17 -37 2397
-116 222 487
151 192 8
20 -48 2183
131 -160 191
-227 -71 79
77 -208 65
-192 176 2244
-222 -99 113
110 33 64
-140 222 106
91 -32 175
115 188 94
2 -136 180
-89 -187 137
28 239 221
-175 -164 69
110 80 52
242 183 192
-15 60 80
142 232 116
119 -6 89
2 -103 121
-42 14 1749
-7 -101 1008
-61 -150 240
-227 101 223
141 -50 2428
-53 169 139
181 -206 167
149 -225 174
242 -57 1627
-190 84 92
35 -221 77
41 142 160
-172 229 48
-177 -57 81
76 26 239
-172 -91 21
-91 199 146
130 -242 148
227 -247 18
-54 -176 1862
-231 11 529
-87 -67 185
202 -9 247
154 -151 69
-52 -218 219
-10 -233 1004
-9 132 12
8 -145 231
46 166 34
-171 -192 1289
-243 -21 204
-72 -74 137
34 -185 154
-78 -7 246
-82 -195 59
172 -2 32
-106 196 78
-121 166 438
219 162 157
-159 65 97
-110 -198 119
237 -24 158
-67 144 9
-185 -185 1257
-172 -172 940
-46 -87 1223
225 239 237
83 115 110
-243 182 194
-228 132 906
-19 -63 85
71 -212 67
-42 -104 113
-61 172 133
205 -222 2308
3 27 675
-247 111 121
205 -53 105
71 46 641
205 197 106
-115 126 88
248 -176 212
-115 -107 194
-18 -3 1841
176 -72 726
211 -51 42
-34 -177 78
223 24 77
-69 37 1350
-107 215 108
231 -138 1739
-3 140 83
122 -218 1995
-85 181 233
-44 -172 97
-79 -84 169
-230 -56 26
-141 234 98
-133 -235 81
-82 156 46
-132 140 10
236 -51 1211
21 63 120
68 -170 66
137 194 159
110 77 1538
-98 21 13
135 87 65
-73 156 138
163 -250 27
-212 138 117
-103 -69 154
237 11 24
-249 232 222
3 -146 4
-225 -29 1983
122 -144 182
-157 -170 54
161 -37 485
-34 -171 1885
-219 183 189
9 -97 146
115 124 136
-70 226 172
-179 58 178
-148 82 1453
125 -188 144
-170 86 39
-242 -170 17
-192 243 137
85 -178 170
205 -84 207
231 -82 165
205 12 2
-229 172 225
-232 118 185
-100 40 166
-81 145 152
229 -51 2053
-89 -69 182
-217 -221 49
3 -167 71
-32 -6 532
-21 -98 193
220 -245 52
237 76 163
-210 -71 199
-40 21 1473
-29 220 9
205 228 239
12 -115 174
-217 -162 146
243 40 248
-249 -145 90
-81 -116 133
248 -205 179
88 94 118
-222 14 190
240 -146 80
-53 -58 238
51 113 136
-9 -228 907
-235 -195 169
29 132 80
72 -43 212
-106 40 67
-146 -127 111
-26 231 116
-27 -156 206
237 195 190
0 239 117
-115 -53 1105
-26 158 86
170 122 14
-16 -189 52
-66 -175 169
-9 182 234
29 33 334
86 -125 206
-222 -131 28
-159 -194 1398
151 43 171
-170 125 45
-176 -31 89
-209 101 1665
224 -178 179
37 240 162
-197 -187 34
-245 -74 174
-111 218 200
-111 -235 131
76 -28 192
-169 149 1990
-227 193 241
99 -48 185
-109 -63 1674
-113 163 70
-60 -88 196
160 127 692
-61 -45 193
-28 -55 1284
-212 -162 140
217 175 93
-208 -187 77
-133 -151 1
-47 -202 526
-114 208 48
155 -219 248
225 -194 126
-206 -159 90
165 200 116
-108 -181 165
-172 -165 112
143 240 52
-17 -28 2136
-139 240 170
8 -203 117
229 52 1342
-248 -182 221
-115 -242 118
-56 -51 159
-208 107 197
219 95 219
214 -40 3
-177 -246 223
-148 -181 7
-198 -176 2075
-6 94 152
-185 113 227
220 -19 874
119 148 25
102 -71 152
-228 -162 78
100 -228 1121
242 -99 179
-134 126 2090
-135 98 90
-115 107 144
152 12 2211
-228 23 42
138 167 85
-52 17 87
139 182 310
-247 -120 1515
-161 -98 181
114 157 114
-69 240 80
-179 -14 73
90 -117 101
-120 24 149
-47 211 164
57 247 57
140 -33 82
-184 133 183
-5 136 132
-149 90 110
33 0 1530
171 -75 29
21 37 1500
-246 229 1070
-220 211 106
-210 78 223
148 10 105
231 -136 228
-154 -89 137
-26 -47 739
-195 167 686
2 8 217
5 -185 364
-216 9 19
23 42 597
183 -113 1052
-39 -56 233
248 239 12
-103 -101 46
125 -152 22
-151 -127 722
217 66 69
116 203 15
-66 42 133
219 180 40
-160 177 187
-151 224 109
-92 -161 243
139 197 2
114 225 1
-247 -184 707
-180 -74 198
236 -99 55
-167 -165 1696
-64 5 69
-248 27 43
-185 122 41
178 -104 44
133 175 633
-205 28 41
-230 177 238
1 -75 166
-249 -13 215
-160 106 536
185 -105 114
-32 -177 235
248 155 108
-58 -211 152
-147 -19 205
108 79 132
-51 -105 213
112 -178 1887
-12 147 177
-47 27 563
-116 151 204
-81 -14 124
-112 -29 71
-73 -175 863
-50 211 193
198 -155 34
-113 -243 199
194 9 41
-107 -82 33
107 -209 194
-127 165 153
91 -35 130
207 9 35
-157 -9 91
-23 48 613
74 24 156
-212 -80 93
-166 159 244
-165 150 151
-145 162 38
157 -73 189
40 84 446
-165 -16 9
248 -164 1010
174 -153 68
-81 -142 146
-182 116 205
-150 69 2160
234 89 127
-118 228 90
-11 -176 1
-196 238 122
-108 -248 66
196 -194 175
-42 11 767
-64 54 69
92 10 1081
93 -172 59
-187 -159 46
-94 11 7
209 1 1870
-126 -243 150
201 -149 224
191 40 100
105 -190 104
152 -74 177
16 -99 13
-218 11 23
-21 -143 1447
203 142 128
222 157 124
190 133 213
-143 -212 2181
-79 -96 247
-227 -21 24
137 6 817
-11 -84 176
-90 -197 2353
9 136 84
-208 67 102
138 202 157
83 10 960
-12 17 389
-152 64 66
-243 219 210
92 -243 232
197 43 181
-207 126 15
-133 84 311
42 214 207
-57 -86 1888
-38 -150 127
129 193 143
111 135 163
-106 -189 28
196 138 15
180 -127 73
96 87 99
-139 42 129
-127 211 996
80 248 1185
150 -71 205
164 -155 72
117 -222 72
223 231 75
66 133 18
152 -20 1079
-183 60 93
-79 227 62
-12 -79 102
-158 61 132
-197 -79 291
-220 -75 2161
127 248 79
239 -119 237
-140 -32 96
177 -141 156
-34 50 699
103 208 41
56 99 242
-90 44 102
-104 -21 23
-191 -9 221
116 -217 843
79 11 143
232 -88 125
229 147 144
219 33 127
16 -117 175
67 -116 102
8 -157 142
216 201 157
187 -76 125
-199 -55 90
42 -13 1266
-137 46 85
-122 59 189
90 -68 1785
143 42 248
-223 57 159
-37 -239 195
-86 -47 199
131 196 245
18 -126 125
-15 -123 2317
112 -123 128
90 -108 51
-192 226 157
180 81 64
-127 172 146
-39 -39 878
130 3 1647
-195 -79 213
125 -119 182
-210 236 191
-211 15 139
12 -198 36
214 -193 212
-80 200 1092
43 -151 166
81 -175 503
-224 -184 870
-127 93 221
-55 168 183
-122 79 54
-137 229 178
-71 -173 141
-135 42 86
198 73 57
145 -53 225
161 243 1333
-48 -140 241
-45 215 151
-35 3 903
-66 228 1073
27 59 95
244 -117 194
31 -218 629
122 232 195
-115 110 123
-113 93 238
245 -79 130
-239 129 51
-157 -220 208
8 176 454
193 -62 11
234 -26 204
-123 -245 57
-161 -210 1619
9 -172 197
153 -208 651
-25 -107 79
-135 54 50
-109 85 35
63 -227 115
207 146 167
-156 96 102
161 30 172
97 120 49
77 163 172
222 200 1121
-104 -225 160
179 -55 20
243 -183 1094
-171 -209 156
110 -250 2454
-58 43 5
153 193 144
-239 175 201
-2 100 144
-96 -127 217
-203 96 414
154 -12 128
155 49 102
17 1 1010
241 -84 35
-157 -63 71
117 49 122
-49 78 247
18 18 821
46 12 361
-6 168 231
-166 -76 49
-101 -236 34
-218 101 76
113 -99 610
167 -67 96
2 -164 63
-113 147 21
-223 -102 99
21 -81 44
-236 -146 24
245 61 64
48 240 650
243 -176 77
64 -77 203
115 83 120
2 213 75
-162 -5 616
-144 21 1185
8 -93 232
-12 -128 136
-44 -61 57
101 173 1060
-153 86 29
-240 63 2326
94 -7 137
-172 199 85
35 -23 1813
-46 106 195
-195 -148 214
-52 229 70
8 240 388
-118 -161 1149
-138 -128 126
86 27 27
-80 -165 1327
147 1 200
-57 -178 145
78 -239 106
46 189 77
76 152 88
-229 -164 205
-122 229 97
30 -5 65
-188 176 236
-159 -203 1893
156 -66 97
-41 206 121
215 -234 93
85 -60 33
-245 136 169
-107 127 6
-195 232 127
4 39 1245
-35 -242 656
49 247 235
54 -13 24
42 -137 130
233 101 56
-217 -150 93
107 218 85
-42 -109 136
-66 249 135
-167 6 2347
-163 -238 1906
85 -87 30
-73 24 6
-217 128 114
-16 -175 17
234 -126 139
72 -195 195
223 -166 208
-197 147 912
87 167 2004
-53 -245 211
-151 40 95
197 -166 29
246 105 241
92 178 239
-213 -244 88
43 -245 207
174 104 223
-44 -41 247
249 -75 519
-103 -132 10
-38 146 955
-120 -160 201
36 -227 33
-14 -213 20
199 221 42
35 -50 2296
35 75 106
-25 -214 99
220 134 187
186 -46 35
114 161 521
-246 233 884
-80 95 25
6 -143 163
-72 -51 133
-59 240 241
246 167 164
-43 -16 1624
212 152 162
-155 156 1658
-164 29 138
129 51 40
-86 107 128
62 -106 781
-50 -107 929
-103 189 2405
202 229 131
-243 34 227
-75 -137 1855
-108 89 669
-249 -216 156
186 219 144
48 -48 1553
-12 -218 3
231 -171 201
66 238 16
-237 9 426
33 114 102
-66 9 175
-17 -191 135
127 -198 283
-112 60 48
37 -26 1612
189 191 82
84 118 72
-82 224 208
-117 -9 37
-235 224 212
206 -226 984
-106 -10 216
126 -223 60
41 -109 1733
221 9 185
-234 193 231
-245 -93 75
25 -204 131
-204 -105 50
151 76 207
-101 100 20
-225 220 216
43 73 26
146 -40 138
-200 40 189
10 234 186
-200 -168 90
-166 40 80
-184 -134 69
-149 -140 72
-129 -57 102
