-69 -133 1335
-250 -81 725
228 108 1963
214 -45 3146
31 77 4962
241 245 1943
77 186 2392
-146 152 154
42 132 2422
-34 -32 48967
-8 -11 15399
162 -83 1300
-215 144 3704
61 72 334
61 79 142
-39 3 18697
-106 -88 2758
-213 109 3724
-9 -221 779
66 -215 2191
30 65 107
-210 192 4265
-102 196 3806
140 -21 4371
100 -244 1102
143 -202 4630
-127 -166 4955
6 90 4967
126 181 1309
194 189 4627
24 53 1539
-132 -168 2930
-209 83 1116
-111 -92 2705
180 227 2307
-77 136 22
-5 174 4073
20 79 1778
-177 -153 1513
236 40 4162
-38 -71 4768
-95 -176 4032
-198 100 1151
191 -26 3967
180 -143 192
-243 87 458
37 3 3845
159 -41 4759
-29 -162 1423
196 -244 3031
